27.4431078399774		3.95955286440332
27.4431078399774		3.95955286440332
27.5643032471101		3.71585587298606
27.6967303479063		3.49813929688969
27.7393891141875		3.32979311751895
27.6903522250648		3.23331382376935
27.5923039968403		3.22186814107944
27.4967108646104		3.29351456383682
27.4429075601609		3.42982083858601
27.4488459776513		3.59930879209670
27.5105839086705		3.76477324107790
27.6077862701618		3.89247592760035
27.7126304198140		3.96079828167960
27.7996446321550		3.96622590972634
27.8542642314663		3.92538653920641
27.8783343025628		3.87296346424995
27.8914389944570		3.85630077844606
27.9277484283683		3.92812020861069
28.0289400209261		4.13886022886963
28.2345300048762		4.52979489147714
28.5714975437213		5.12751038958550
29.0452841721190		5.93978645762650
29.6340529064734		6.95266980852851
30.2875200180085		8.12862299764916
30.9308312904449		9.40600141859065
31.4730054079641		10.7005370516262
31.8185976757452		11.9097266943951
31.8806217137828		12.9208313554855
31.5925282486132		13.6225368915360
30.9172241878955		13.9193325125513
29.8516798505998		13.7466160469366
28.4264975424719		13.0837815775535
26.7007290535777		11.9623850258137
24.7530476859860		10.4670603246293
22.6709430279257		8.72810406396538
20.5398148895680		6.90628789718769
18.4336773428274		5.17209529744317
16.4087063664935		3.68279992189475
14.5002008095796		2.56130177321478
12.7228346221023		1.88030221944339
11.0735119756941		1.65433531078622
9.53580904073362		1.84066353417783
8.08494477529077		2.34846093565601
6.69244248994380		3.05439351322965
5.33003461352597		3.82190089381956
3.97279641481670		4.52125932594786
2.60183703393313		5.04778625291385
1.20702469857850		5.33615441986895
-0.209868824789921	5.36951783819090
-1.63152836425251	5.18285562694092
-3.02132202814544	4.86053519701710
-4.32019333142111	4.52858167927551
-5.44531306001754	4.34255333456038
-6.29162544893833	4.47229074630196
-6.73715234443327	5.08511286621748
-6.65235619793771	6.32920609962251
-5.91310258974100	8.31890225278766
-4.41595714887364	11.1232061492486
-2.09387641351297	14.7583340625438
1.07003151030271		19.1842849759240
5.03298404228796		24.3047983084300
9.68910019730490		29.9696854082082
14.8731200078188		35.9786211748446
20.3712622401052		42.0860608604352
25.9381223270701		48.0078315330933
31.3175770578664		53.4308024191770
36.2650563178815		58.0274598920620
40.5683716824785		61.4768666734476
44.0645775630865		63.4922425205771
46.6510153463927		63.8534317493209
48.2896154711741		62.4402839771208
49.0045275420072		59.2611281737989
48.8740342267583		54.4697434593077
48.0183369168919		48.3650053716834
46.5850999632429		41.3698216502861
44.7346012726104		33.9897143879201
42.6260252746693		26.7556856205043
40.4059626703062		20.1598052468436
38.1996792838529		14.5942818441971
36.1052962269560		10.3049080766885
34.1907543725962		7.36750890139433
32.4933293982031		5.69175179622696
31.0214760227812		5.05131407537327
29.7588306927685		5.13415776347553
28.6702006539239		5.60275158273101
27.7092454910204		6.15240525376727
26.8272938381515		6.55680433867809
25.9823733723552		6.69308503080720
25.1471654709319		6.54354599917664
24.3143658565776		6.17620426585687
23.4979862670556		5.71067618868093
22.7295881866395		5.27837750589442
22.0493543519996		4.98633958643143
21.4932492362247		4.89214115857840
21.0791789007786		4.99415447738385
20.7968411141100		5.23740412748264
20.6076213198530		5.53179307420068
20.4621977356051		5.77703877236992
20.3442666915899		5.88780549591022
20.3488575239662		5.81322824782074
20.8030380633184		5.54694536546797